33554432 1 2840.5
33554432 2 2837.0
33554432 3 2838.0
33554432 4 2830.0
33554432 5 2811.9
33554432 6 2693.4
33554432 7 2565.7
33554432 8 2420.5
33554432 9 2167.3
33554432 10 1964.7
33554432 11 1802.6
33554432 12 1665.8
33554432 13 1550.3
33554432 14 1456.8
33554432 15 1391.0
33554432 16 1346.8
33554432 17 1399.6
33554432 18 1403.9
33554432 19 1382.3
33554432 20 1402.9
33554432 21 1399.2
33554432 22 1407.4
33554432 23 1410.2
33554432 24 1410.6
33554432 25 1409.3
33554432 26 1407.1
33554432 27 1413.5
33554432 28 1421.7
33554432 29 1420.0
33554432 30 1410.8
33554432 31 1414.1
33554432 32 1380.7
33554432 33 1407.7
33554432 34 1420.7
33554432 35 1487.4
33554432 36 1419.9
33554432 37 1425.7
33554432 38 1421.2
33554432 39 1437.5
33554432 40 1427.8
33554432 41 1477.1
33554432 42 1654.9
33554432 43 1588.5
33554432 44 1502.7
33554432 45 1530.0
33554432 46 1544.3
33554432 47 1612.4
33554432 48 1684.9
33554432 49 1598.4
33554432 50 1630.5
33554432 51 1608.1
33554432 52 1732.7
33554432 53 1704.3
33554432 54 1824.8
33554432 55 1760.1
33554432 56 1958.0
33554432 57 1843.2
33554432 58 1858.0
33554432 59 1872.6
33554432 60 1980.2
33554432 61 1899.5
33554432 62 1985.1
33554432 63 1957.9
33554432 64 1500.4
16777216 1 2839.3
16777216 2 2831.8
16777216 3 2835.8
16777216 4 2825.8
16777216 5 2815.2
16777216 6 2781.4
16777216 7 2705.0
16777216 8 2566.0
16777216 9 2316.7
16777216 10 2104.8
16777216 11 1964.2
16777216 12 1849.8
16777216 13 1737.6
16777216 14 1650.0
16777216 15 1558.9
16777216 16 1487.8
16777216 17 1502.3
16777216 18 1483.9
16777216 19 1496.1
16777216 20 1486.6
16777216 21 1471.1
16777216 22 1470.5
16777216 23 1465.2
16777216 24 1456.8
16777216 25 1479.5
16777216 26 1461.6
16777216 27 1474.8
16777216 28 1483.9
16777216 29 1492.5
16777216 30 1488.6
16777216 31 1482.2
16777216 32 1430.1
16777216 33 1526.1
16777216 34 1841.5
16777216 35 1545.1
16777216 36 1550.7
16777216 37 1520.0
16777216 38 1542.4
16777216 39 1581.5
16777216 40 1559.5
16777216 41 1719.0
16777216 42 1811.0
16777216 43 1997.7
16777216 44 2133.3
16777216 45 2455.9
16777216 46 2524.5
16777216 47 2541.5
16777216 48 1798.8
16777216 49 2487.9
16777216 50 2518.1
16777216 51 2491.7
16777216 52 2534.8
16777216 53 2526.5
16777216 54 2539.9
16777216 55 2514.2
16777216 56 2527.4
16777216 57 2533.1
16777216 58 2466.0
16777216 59 2516.7
16777216 60 2510.9
16777216 61 2512.5
16777216 62 2511.1
16777216 63 2508.3
16777216 64 1519.8
8388608 1 2839.8
8388608 2 2839.8
8388608 3 2833.7
8388608 4 2823.8
8388608 5 2824.2
8388608 6 2811.5
8388608 7 2769.0
8388608 8 2701.8
8388608 9 2609.8
8388608 10 2505.8
8388608 11 2404.9
8388608 12 2265.0
8388608 13 2157.4
8388608 14 2067.4
8388608 15 1945.3
8388608 16 1801.5
8388608 17 1752.6
8388608 18 1730.0
8388608 19 1714.6
8388608 20 2128.2
8388608 21 1669.8
8388608 22 1655.7
8388608 23 1654.5
8388608 24 1622.1
8388608 25 1657.4
8388608 26 1684.0
8388608 27 1673.1
8388608 28 2312.4
8388608 29 1731.6
8388608 30 1798.6
8388608 31 1785.7
8388608 32 1579.7
8388608 33 1888.2
8388608 34 2205.5
8388608 35 2200.7
8388608 36 2221.1
8388608 37 2286.8
8388608 38 2266.6
8388608 39 2294.4
8388608 40 2290.9
8388608 41 2355.5
8388608 42 2416.2
8388608 43 2532.1
8388608 44 2588.4
8388608 45 2582.1
8388608 46 2585.5
8388608 47 2580.5
8388608 48 2587.8
8388608 49 2564.8
8388608 50 2568.7
8388608 51 2583.9
8388608 52 2569.3
8388608 53 2560.3
8388608 54 2562.8
8388608 55 2567.0
8388608 56 2565.3
8388608 57 2548.9
8388608 58 2561.0
8388608 59 2558.0
8388608 60 2551.6
8388608 61 2547.6
8388608 62 2557.9
8388608 63 2547.3
8388608 64 1523.5
4194304 1 2841.6
4194304 2 2837.2
4194304 3 2818.1
4194304 4 2812.2
4194304 5 2797.2
4194304 6 2734.0
4194304 7 2732.8
4194304 8 2708.9
4194304 9 2789.0
4194304 10 2766.9
4194304 11 2738.3
4194304 12 2718.1
4194304 13 2661.8
4194304 14 2606.1
4194304 15 2574.6
4194304 16 2517.2
4194304 17 2532.7
4194304 18 2539.5
4194304 19 2559.5
4194304 20 2552.4
4194304 21 2531.0
4194304 22 2513.3
4194304 23 2492.6
4194304 24 2456.9
4194304 25 2462.0
4194304 26 2485.2
4194304 27 2479.0
4194304 28 2478.7
4194304 29 2489.6
4194304 30 2498.6
4194304 31 2491.6
4194304 32 2227.2
4194304 33 2497.9
4194304 34 2503.2
4194304 35 2496.6
4194304 36 2513.0
4194304 37 2511.2
4194304 38 2514.0
4194304 39 2521.9
4194304 40 2521.9
4194304 41 2557.2
4194304 42 2560.6
4194304 43 2765.7
4194304 44 2762.8
4194304 45 2759.4
4194304 46 2762.3
4194304 47 2758.2
4194304 48 2737.9
4194304 49 2757.2
4194304 50 2754.3
4194304 51 2744.1
4194304 52 2752.5
4194304 53 2752.3
4194304 54 2732.6
4194304 55 2757.1
4194304 56 2756.6
4194304 57 2744.0
4194304 58 2753.9
4194304 59 2749.2
4194304 60 2745.0
4194304 61 2725.8
4194304 62 2750.0
4194304 63 2740.6
4194304 64 2070.6
2097152 1 2844.6
2097152 2 2844.4
2097152 3 2842.5
2097152 4 2844.5
2097152 5 2840.0
2097152 6 2835.6
2097152 7 2841.3
2097152 8 2837.5
2097152 9 2828.8
2097152 10 2821.0
2097152 11 2803.8
2097152 12 2796.6
2097152 13 2775.4
2097152 14 2746.8
2097152 15 2727.4
2097152 16 2709.1
2097152 17 2691.5
2097152 18 2681.6
2097152 19 2643.0
2097152 20 2603.5
2097152 21 2576.3
2097152 22 2580.9
2097152 23 2556.0
2097152 24 2520.4
2097152 25 2522.0
2097152 26 2513.2
2097152 27 2516.4
2097152 28 2519.3
2097152 29 2511.4
2097152 30 2514.1
2097152 31 2517.4
2097152 32 2456.5
2097152 33 2525.3
2097152 34 2523.0
2097152 35 2520.3
2097152 36 2529.5
2097152 37 2521.7
2097152 38 2547.1
2097152 39 2544.0
2097152 40 2529.8
2097152 41 2540.6
2097152 42 2546.7
2097152 43 2774.4
2097152 44 2773.5
2097152 45 2787.6
2097152 46 2782.9
2097152 47 2764.9
2097152 48 2771.3
2097152 49 2768.7
2097152 50 2773.7
2097152 51 2764.5
2097152 52 2768.3
2097152 53 2764.2
2097152 54 2765.0
2097152 55 2769.0
2097152 56 2765.8
2097152 57 2762.7
2097152 58 2784.2
2097152 59 2783.1
2097152 60 2791.8
2097152 61 2788.0
2097152 62 2805.9
2097152 63 2805.3
2097152 64 2763.6
1048576 1 2844.7
1048576 2 2844.6
1048576 3 2844.2
1048576 4 2844.0
1048576 5 2841.6
1048576 6 2842.6
1048576 7 2832.8
1048576 8 2838.3
1048576 9 2827.4
1048576 10 2818.5
1048576 11 2803.7
1048576 12 2801.9
1048576 13 2769.7
1048576 14 2740.1
1048576 15 2723.3
1048576 16 2707.1
1048576 17 2691.6
1048576 18 2682.1
1048576 19 2630.4
1048576 20 2601.0
1048576 21 2577.8
1048576 22 2576.2
1048576 23 2553.5
1048576 24 2519.7
1048576 25 2519.2
1048576 26 2510.2
1048576 27 2509.7
1048576 28 2521.2
1048576 29 2511.9
1048576 30 2509.8
1048576 31 2520.0
1048576 32 2452.8
1048576 33 2524.5
1048576 34 2524.2
1048576 35 2523.6
1048576 36 2537.9
1048576 37 2528.3
1048576 38 2545.0
1048576 39 2565.3
1048576 40 2545.1
1048576 41 2552.2
1048576 42 2561.1
1048576 43 2827.3
1048576 44 2834.2
1048576 45 2777.8
1048576 46 2828.7
1048576 47 2815.2
1048576 48 2766.7
1048576 49 2823.3
1048576 50 2830.3
1048576 51 2825.8
1048576 52 2830.4
1048576 53 2829.4
1048576 54 2830.4
1048576 55 2825.0
1048576 56 2827.0
1048576 57 2829.9
1048576 58 2833.3
1048576 59 2833.8
1048576 60 2835.0
1048576 61 2827.3
1048576 62 2826.9
1048576 63 2780.9
1048576 64 2761.7
524288 1 2844.5
524288 2 2843.9
524288 3 2843.1
524288 4 2843.1
524288 5 2840.7
524288 6 2841.1
524288 7 2838.0
524288 8 2833.4
524288 9 2825.9
524288 10 2815.9
524288 11 2796.0
524288 12 2795.6
524288 13 2764.5
524288 14 2747.7
524288 15 2719.8
524288 16 2712.5
524288 17 2687.4
524288 18 2686.6
524288 19 2634.9
524288 20 2605.8
524288 21 2598.2
524288 22 2573.5
524288 23 2578.3
524288 24 2507.7
524288 25 2534.1
524288 26 2517.3
524288 27 2523.5
524288 28 2569.3
524288 29 2540.2
524288 30 2509.4
524288 31 2821.3
524288 32 2468.6
524288 33 2822.4
524288 34 2825.7
524288 35 2816.1
524288 36 2825.8
524288 37 2823.6
524288 38 2819.9
524288 39 2656.3
524288 40 2823.7
524288 41 2831.2
524288 42 2823.6
524288 43 2828.7
524288 44 2830.1
524288 45 2822.6
524288 46 2821.6
524288 47 2830.5
524288 48 2823.4
524288 49 2829.6
524288 50 2830.2
524288 51 2824.0
524288 52 2829.0
524288 53 2828.3
524288 54 2828.9
524288 55 2826.7
524288 56 2826.6
524288 57 2818.9
524288 58 2825.2
524288 59 2828.0
524288 60 2825.1
524288 61 2825.8
524288 62 2825.2
524288 63 2763.6
524288 64 2749.5
262144 1 2843.9
262144 2 2842.7
262144 3 2841.3
262144 4 2840.4
262144 5 2839.1
262144 6 2835.2
262144 7 2836.2
262144 8 2831.8
262144 9 2830.9
262144 10 2831.7
262144 11 2831.4
262144 12 2828.2
262144 13 2825.7
262144 14 2820.4
262144 15 2820.9
262144 16 2813.5
262144 17 2819.6
262144 18 2822.3
262144 19 2821.5
262144 20 2822.6
262144 21 2817.8
262144 22 2820.4
262144 23 2823.5
262144 24 2830.1
262144 25 2827.4
262144 26 2827.5
262144 27 2830.4
262144 28 2825.8
262144 29 2830.1
262144 30 2826.7
262144 31 2826.1
262144 32 2824.5
262144 33 2827.2
262144 34 2824.7
262144 35 2824.6
262144 36 2822.6
262144 37 2821.8
262144 38 2823.4
262144 39 2821.3
262144 40 2816.3
262144 41 2818.0
262144 42 2821.0
262144 43 2815.7
262144 44 2817.7
262144 45 2815.8
262144 46 2818.8
262144 47 2815.9
262144 48 2815.5
262144 49 2817.2
262144 50 2814.7
262144 51 2807.9
262144 52 2812.5
262144 53 2816.6
262144 54 2815.2
262144 55 2814.6
262144 56 2811.2
262144 57 2812.6
262144 58 2810.5
262144 59 2809.3
262144 60 2809.4
262144 61 2807.4
262144 62 2810.7
262144 63 2806.9
262144 64 2816.5
131072 1 2843.8
131072 2 2842.5
131072 3 2840.7
131072 4 2840.3
131072 5 2839.0
131072 6 2836.9
131072 7 2836.3
131072 8 2832.0
131072 9 2830.8
131072 10 2827.5
131072 11 2824.6
131072 12 2824.8
131072 13 2820.3
131072 14 2819.6
131072 15 2809.4
131072 16 2815.7
131072 17 2817.2
131072 18 2809.8
131072 19 2811.9
131072 20 2796.6
131072 21 2804.9
131072 22 2809.2
131072 23 2813.7
131072 24 2820.8
131072 25 2817.4
131072 26 2813.9
131072 27 2815.2
131072 28 2812.7
131072 29 2816.9
131072 30 2812.7
131072 31 2815.8
131072 32 2818.3
131072 33 2809.6
131072 34 2816.3
131072 35 2806.0
131072 36 2802.5
131072 37 2807.6
131072 38 2810.8
131072 39 2811.2
131072 40 2802.7
131072 41 2813.0
131072 42 2809.1
131072 43 2801.5
131072 44 2790.8
131072 45 2795.7
131072 46 2803.7
131072 47 2811.5
131072 48 2786.3
131072 49 2791.2
131072 50 2791.5
131072 51 2807.9
131072 52 2783.7
131072 53 2790.6
131072 54 2796.0
131072 55 2783.2
131072 56 2783.2
131072 57 2788.7
131072 58 2792.6
131072 59 2792.7
131072 60 2771.5
131072 61 2790.1
131072 62 2802.2
131072 63 2777.2
131072 64 2771.5
65536 1 2842.9
65536 2 2841.4
65536 3 2837.6
65536 4 2836.9
65536 5 2829.2
65536 6 2828.1
65536 7 2822.0
65536 8 2827.1
65536 9 2807.8
65536 10 2810.8
65536 11 2806.8
65536 12 2808.9
65536 13 2795.4
65536 14 2799.0
65536 15 2789.8
65536 16 2788.7
65536 17 2820.0
65536 18 2812.3
65536 19 2808.8
65536 20 2804.9
65536 21 2802.2
65536 22 2807.6
65536 23 2796.2
65536 24 2791.4
65536 25 2805.1
65536 26 2789.3
65536 27 2784.4
65536 28 2783.2
65536 29 2783.2
65536 30 2787.5
65536 31 2782.1
65536 32 2785.2
65536 33 2764.5
65536 34 2778.6
65536 35 2775.7
65536 36 2765.7
65536 37 2756.0
65536 38 2781.2
65536 39 2750.5
65536 40 2764.0
65536 41 2755.7
65536 42 2759.4
65536 43 2771.4
65536 44 2730.4
65536 45 2761.9
65536 46 2739.0
65536 47 2738.7
65536 48 2735.5
65536 49 2759.8
65536 50 2679.0
65536 51 2657.5
65536 52 2630.5
65536 53 2645.6
65536 54 2685.2
65536 55 2668.7
65536 56 2643.2
65536 57 2633.6
65536 58 2604.1
65536 59 2678.1
65536 60 2663.9
65536 61 2649.4
65536 62 2625.1
65536 63 2612.4
65536 64 2714.7
32768 1 2751.4
32768 2 2748.7
32768 3 2743.5
32768 4 2736.2
32768 5 2734.0
32768 6 2729.8
32768 7 2724.9
32768 8 2713.1
32768 9 2729.9
32768 10 2728.5
32768 11 2725.8
32768 12 2679.4
32768 13 2720.8
32768 14 2733.0
32768 15 2702.9
32768 16 2692.0
32768 17 2687.1
32768 18 2691.4
32768 19 2682.8
32768 20 2689.8
32768 21 2702.9
32768 22 2668.1
32768 23 2682.7
32768 24 2710.8
32768 25 2674.0
32768 26 2718.2
32768 27 2696.1
32768 28 2643.2
32768 29 2609.5
32768 30 2663.9
32768 31 2625.1
32768 32 2695.3
32768 33 2668.5
32768 34 2629.0
32768 35 2600.5
32768 36 2580.4
32768 37 2653.1
32768 38 2634.4
32768 39 2596.0
32768 40 2581.9
32768 41 2671.9
32768 42 2640.5
32768 43 2603.6
32768 44 2590.4
32768 45 2575.4
32768 46 2560.0
32768 47 2547.7
32768 48 2642.1
32768 49 2634.2
32768 50 2601.6
32768 51 2577.9
32768 52 2576.7
32768 53 2556.1
32768 54 2688.4
32768 55 2650.3
32768 56 2494.7
32768 57 2631.3
32768 58 2472.2
32768 59 2587.4
32768 60 2567.2
32768 61 2568.8
32768 62 2536.7
32768 63 2531.5
32768 64 2537.4
16384 1 2749.5
16384 2 2750.4
16384 3 2736.0
16384 4 2734.5
16384 5 2724.3
16384 6 2723.1
16384 7 2735.9
16384 8 2695.3
16384 9 2695.0
16384 10 2685.8
16384 11 2659.4
16384 12 2648.7
16384 13 2645.5
16384 14 2637.8
16384 15 2681.8
16384 16 2688.8
16384 17 2635.6
16384 18 2677.0
16384 19 2627.1
16384 20 2581.9
16384 21 2640.5
16384 22 2582.2
16384 23 2701.2
16384 24 2623.6
16384 25 2630.1
16384 26 2567.2
16384 27 2544.8
16384 28 2494.7
16384 29 2596.3
16384 30 2578.2
16384 31 2536.7
16384 32 2514.8
16384 33 2480.5
16384 34 2450.0
16384 35 2600.5
16384 36 2418.3
16384 37 2519.7
16384 38 2563.2
16384 39 2511.4
16384 40 2472.5
16384 41 2480.1
16384 42 2438.0
16384 43 2619.9
16384 44 2590.4
16384 45 2583.7
16384 46 2331.4
16384 47 2535.6
16384 48 2517.9
16384 49 2516.9
16384 50 2498.4
16384 51 2435.6
16384 52 2406.7
16384 53 2428.3
16384 54 2451.2
16384 55 2402.7
16384 56 2362.2
16384 57 2339.0
16384 58 2332.8
16384 59 2582.7
16384 60 2275.4
16384 61 2564.0
16384 62 2251.6
16384 63 2531.5
16384 64 2514.8
8192 1 2741.2
8192 2 2739.5
8192 3 2713.3
8192 4 2692.0
8192 5 2685.8
8192 6 2662.7
8192 7 2654.1
8192 8 2695.3
8192 9 2684.2
8192 10 2581.9
8192 11 2590.4
8192 12 2623.6
8192 13 2576.7
8192 14 2494.7
8192 15 2567.2
8192 16 2526.0
8192 17 2606.9
8192 18 2634.7
8192 19 2549.4
8192 20 2472.5
8192 21 2424.2
8192 22 2590.4
8192 23 2611.2
8192 24 2517.9
8192 25 2498.4
8192 26 2440.6
8192 27 2469.4
8192 28 2362.2
8192 29 2298.2
8192 30 2292.8
8192 31 2269.2
8192 32 2217.7
8192 33 2165.5
8192 34 2422.5
8192 35 2406.1
8192 36 2424.7
8192 37 2383.8
8192 38 2413.7
8192 39 2265.1
8192 40 2313.8
8192 41 2280.6
8192 42 2258.3
8192 43 2247.7
8192 44 2200.4
8192 45 2200.4
8192 46 2152.1
8192 47 2175.4
8192 48 2078.2
8192 49 2516.9
8192 50 2085.3
8192 51 2933.9
8192 52 2366.2
8192 53 2353.2
8192 54 2517.2
8192 55 2359.9
8192 56 2920.6
8192 57 2313.7
8192 58 2350.5
8192 59 2266.1
8192 60 2337.9
8192 61 2268.1
8192 62 2269.2
8192 63 2200.4
8192 64 2271.4
4096 1 2741.2
4096 2 2695.3
4096 3 2730.5
4096 4 2601.9
4096 5 2681.8
4096 6 2679.8
4096 7 2514.2
4096 8 2514.8
4096 9 2634.7
4096 10 2472.5
4096 11 2393.4
4096 12 2301.7
4096 13 2406.7
4096 14 2362.2
4096 15 2292.8
4096 16 2492.5
4096 17 2422.5
4096 18 2424.7
4096 19 2365.5
4096 20 2290.2
4096 21 2234.8
4096 22 2200.4
4096 23 2251.0
4096 24 2125.4
4096 25 2456.6
4096 26 2467.6
4096 27 2051.0
4096 28 1912.3
4096 29 2315.4
4096 30 1847.3
4096 31 2234.3
4096 32 2235.4
4096 33 2165.5
4096 34 2095.6
4096 35 2145.4
4096 36 2072.1
4096 37 2123.2
4096 38 2065.3
4096 39 2686.6
4096 40 2737.1
4096 41 4034.1
4096 42 3811.4
4096 43 2680.0
4096 44 4263.3
4096 45 4171.6
4096 46 4080.0
4096 47 4161.7
4096 48 2527.5
4096 49 4150.8
4096 50 3713.2
4096 51 3826.8
4096 52 4086.5
4096 53 2420.5
4096 54 3750.7
4096 55 4070.8
4096 56 2294.7
4096 57 3905.8
4096 58 3850.7
4096 59 3795.7
4096 60 4156.4
4096 61 3879.7
4096 62 3630.7
4096 63 3575.7
4096 64 4142.0
2048 1 2666.5
2048 2 2714.7
2048 3 2670.3
2048 4 2537.4
2048 5 2486.1
2048 6 2587.4
2048 7 2452.4
2048 8 2514.8
2048 9 2134.6
2048 10 2267.1
2048 11 2224.3
2048 12 2078.2
2048 13 2399.1
2048 14 2328.0
2048 15 2302.0
2048 16 2271.4
2048 17 2129.4
2048 18 2107.2
2048 19 1635.0
2048 20 2078.2
2048 21 1940.4
2048 22 2692.6
2048 23 2576.8
2048 24 3896.6
2048 25 3874.7
2048 26 4086.5
2048 27 3750.7
2048 28 4015.8
2048 29 4053.4
2048 30 3937.6
2048 31 3821.8
2048 32 1530.7
2048 33 4012.5
2048 34 3667.4
2048 35 3545.1
2048 36 3422.9
2048 37 4034.1
2048 38 3644.5
2048 39 3814.1
2048 40 4007.9
2048 41 3594.0
2048 42 3520.7
2048 43 1231.2
2048 44 3893.1
2048 45 4125.8
2048 46 4034.1
2048 47 3639.2
2048 48 3850.7
2048 49 3469.9
2048 50 3385.3
2048 51 3667.4
2048 52 3575.7
2048 53 3800.7
2048 54 3392.3
2048 55 3392.3
2048 56 3300.6
2048 57 3500.7
2048 58 2962.1
2048 59 3117.3
2048 60 3117.3
2048 61 3025.6
2048 62 3025.6
2048 63 2708.2
2048 64 3200.6
