33554432 1 2807.7
33554432 2 2800.5
33554432 3 2779.9
33554432 4 2782.9
33554432 5 2772.1
33554432 6 2676.2
33554432 7 2613.6
33554432 8 2447.0
33554432 9 2196.4
33554432 10 1978.3
33554432 11 1821.4
33554432 12 1680.0
33554432 13 1555.1
33554432 14 1488.9
33554432 15 1472.1
33554432 16 1461.8
33554432 17 1520.0
33554432 18 1552.2
33554432 19 1548.5
33554432 20 1562.5
33554432 21 1568.5
33554432 22 1593.3
33554432 23 1583.2
33554432 24 1579.5
33554432 25 1592.0
33554432 26 1584.3
33554432 27 1618.1
33554432 28 1621.4
33554432 29 1515.0
33554432 30 1539.0
33554432 31 1569.8
33554432 32 1505.1
33554432 33 1549.2
33554432 34 1543.1
33554432 35 1564.9
33554432 36 1539.2
33554432 37 1555.1
33554432 38 1553.3
33554432 39 1555.1
33554432 40 1536.6
33554432 41 1602.1
33554432 42 1637.7
33554432 43 1910.4
33554432 44 1746.2
33554432 45 1737.1
33554432 46 2106.8
33554432 47 1886.6
33554432 48 1720.6
33554432 49 2158.3
33554432 50 1828.8
33554432 51 1835.1
33554432 52 1900.7
33554432 53 1842.5
33554432 54 1896.2
33554432 55 1911.9
33554432 56 2090.6
33554432 57 1939.5
33554432 58 1994.1
33554432 59 1970.9
33554432 60 2092.1
33554432 61 2012.9
33554432 62 2080.5
33554432 63 2076.4
33554432 64 1603.8
16777216 1 2736.6
16777216 2 2813.8
16777216 3 2804.0
16777216 4 2803.4
16777216 5 2785.1
16777216 6 2747.3
16777216 7 2687.7
16777216 8 2535.1
16777216 9 2300.6
16777216 10 2113.2
16777216 11 1976.4
16777216 12 1861.3
16777216 13 1762.7
16777216 14 1713.3
16777216 15 1673.3
16777216 16 1559.8
16777216 17 1585.4
16777216 18 1599.8
16777216 19 1595.8
16777216 20 1604.5
16777216 21 1614.3
16777216 22 1606.5
16777216 23 1614.3
16777216 24 1623.1
16777216 25 1617.1
16777216 26 1831.2
16777216 27 1622.9
16777216 28 1630.5
16777216 29 1825.9
16777216 30 1640.2
16777216 31 1618.1
16777216 32 1564.7
16777216 33 1641.8
16777216 34 1929.4
16777216 35 1683.9
16777216 36 1661.5
16777216 37 1688.6
16777216 38 1643.8
16777216 39 1705.4
16777216 40 1707.8
16777216 41 1754.4
16777216 42 1864.8
16777216 43 2030.9
16777216 44 2180.8
16777216 45 2436.5
16777216 46 2526.7
16777216 47 2531.6
16777216 48 2216.8
16777216 49 2547.5
16777216 50 2523.4
16777216 51 2509.0
16777216 52 2547.3
16777216 53 2530.5
16777216 54 2531.7
16777216 55 2522.7
16777216 56 2527.6
16777216 57 2508.7
16777216 58 2509.5
16777216 59 2514.6
16777216 60 2506.0
16777216 61 2522.7
16777216 62 2523.6
16777216 63 2523.6
16777216 64 1594.1
8388608 1 2824.7
8388608 2 2812.9
8388608 3 2805.4
8388608 4 2805.3
8388608 5 2795.2
8388608 6 2692.5
8388608 7 2654.7
8388608 8 2611.4
8388608 9 2527.4
8388608 10 2424.7
8388608 11 2431.5
8388608 12 2318.4
8388608 13 2235.0
8388608 14 2129.5
8388608 15 2001.1
8388608 16 1833.8
8388608 17 1802.1
8388608 18 1764.7
8388608 19 1759.7
8388608 20 1787.7
8388608 21 1816.0
8388608 22 1742.8
8388608 23 1728.2
8388608 24 1692.1
8388608 25 1693.1
8388608 26 1694.3
8388608 27 1707.5
8388608 28 1762.2
8388608 29 1806.4
8388608 30 1674.1
8388608 31 1856.3
8388608 32 1669.5
8388608 33 2238.2
8388608 34 2283.1
8388608 35 2330.6
8388608 36 2325.2
8388608 37 2362.1
8388608 38 2359.0
8388608 39 2403.9
8388608 40 2379.7
8388608 41 2401.2
8388608 42 2457.1
8388608 43 2530.5
8388608 44 2579.1
8388608 45 2573.0
8388608 46 2575.7
8388608 47 2571.4
8388608 48 2601.2
8388608 49 2571.7
8388608 50 2560.3
8388608 51 2563.7
8388608 52 2563.1
8388608 53 2562.6
8388608 54 2566.0
8388608 55 2553.9
8388608 56 2544.2
8388608 57 2542.2
8388608 58 2550.0
8388608 59 2540.1
8388608 60 2540.4
8388608 61 2543.1
8388608 62 2529.8
8388608 63 2542.2
8388608 64 1634.9
4194304 1 2833.4
4194304 2 2831.9
4194304 3 2640.6
4194304 4 2638.6
4194304 5 2614.5
4194304 6 2592.9
4194304 7 2560.2
4194304 8 2551.0
4194304 9 2593.6
4194304 10 2569.2
4194304 11 2537.9
4194304 12 2506.8
4194304 13 2586.6
4194304 14 2540.1
4194304 15 2483.7
4194304 16 2456.5
4194304 17 2469.9
4194304 18 2466.1
4194304 19 2469.6
4194304 20 2449.1
4194304 21 2381.6
4194304 22 2402.2
4194304 23 2299.8
4194304 24 2216.3
4194304 25 2205.6
4194304 26 2198.7
4194304 27 2213.6
4194304 28 2197.1
4194304 29 2196.8
4194304 30 2205.4
4194304 31 2191.0
4194304 32 1946.8
4194304 33 2294.0
4194304 34 2291.4
4194304 35 2294.1
4194304 36 2296.8
4194304 37 2281.3
4194304 38 2301.5
4194304 39 2296.2
4194304 40 2293.9
4194304 41 2324.3
4194304 42 2323.4
4194304 43 2442.7
4194304 44 2429.6
4194304 45 2446.0
4194304 46 2439.5
4194304 47 2445.9
4194304 48 2443.4
4194304 49 2427.0
4194304 50 2428.9
4194304 51 2424.4
4194304 52 2436.4
4194304 53 2427.8
4194304 54 2415.0
4194304 55 2435.3
4194304 56 2428.9
4194304 57 2438.1
4194304 58 2433.8
4194304 59 2439.0
4194304 60 2432.3
4194304 61 2436.1
4194304 62 2519.4
4194304 63 2516.5
4194304 64 2362.8
2097152 1 2657.9
2097152 2 2753.4
2097152 3 2744.1
2097152 4 2750.7
2097152 5 2732.6
2097152 6 2722.8
2097152 7 2787.1
2097152 8 2763.5
2097152 9 2779.1
2097152 10 2778.2
2097152 11 2766.0
2097152 12 2760.9
2097152 13 2732.9
2097152 14 2688.5
2097152 15 2658.3
2097152 16 2658.0
2097152 17 2651.9
2097152 18 2646.4
2097152 19 2630.1
2097152 20 2609.3
2097152 21 2590.8
2097152 22 2594.1
2097152 23 2575.4
2097152 24 2528.2
2097152 25 2540.1
2097152 26 2530.8
2097152 27 2533.6
2097152 28 2536.7
2097152 29 2535.6
2097152 30 2533.7
2097152 31 2542.4
2097152 32 2478.0
2097152 33 2540.5
2097152 34 2544.2
2097152 35 2535.9
2097152 36 2548.5
2097152 37 2544.0
2097152 38 2553.6
2097152 39 2550.3
2097152 40 2549.3
2097152 41 2562.7
2097152 42 2563.8
2097152 43 2710.1
2097152 44 2706.0
2097152 45 2730.4
2097152 46 2714.6
2097152 47 2710.5
2097152 48 2701.6
2097152 49 2707.7
2097152 50 2714.3
2097152 51 2705.4
2097152 52 2708.1
2097152 53 2704.4
2097152 54 2700.8
2097152 55 2723.2
2097152 56 2696.2
2097152 57 2705.8
2097152 58 2713.1
2097152 59 2718.7
2097152 60 2737.3
2097152 61 2744.0
2097152 62 2750.3
2097152 63 2756.9
2097152 64 2698.0
1048576 1 2841.5
1048576 2 2835.7
1048576 3 2831.6
1048576 4 2835.1
1048576 5 2820.2
1048576 6 2807.6
1048576 7 2788.2
1048576 8 2771.7
1048576 9 2760.7
1048576 10 2754.2
1048576 11 2740.6
1048576 12 2737.0
1048576 13 2711.7
1048576 14 2678.1
1048576 15 2649.8
1048576 16 2652.9
1048576 17 2638.1
1048576 18 2634.7
1048576 19 2624.7
1048576 20 2608.1
1048576 21 2581.8
1048576 22 2583.6
1048576 23 2575.8
1048576 24 2550.4
1048576 25 2545.1
1048576 26 2542.0
1048576 27 2543.0
1048576 28 2541.7
1048576 29 2532.5
1048576 30 2537.0
1048576 31 2543.5
1048576 32 2500.9
1048576 33 2545.0
1048576 34 2540.8
1048576 35 2552.1
1048576 36 2546.9
1048576 37 2544.6
1048576 38 2563.4
1048576 39 2565.9
1048576 40 2550.7
1048576 41 2572.2
1048576 42 2569.0
1048576 43 2787.1
1048576 44 2813.8
1048576 45 2719.4
1048576 46 2783.8
1048576 47 2782.0
1048576 48 2685.3
1048576 49 2777.6
1048576 50 2790.9
1048576 51 2786.1
1048576 52 2796.1
1048576 53 2776.7
1048576 54 2772.3
1048576 55 2802.3
1048576 56 2794.0
1048576 57 2772.5
1048576 58 2768.9
1048576 59 2781.3
1048576 60 2748.3
1048576 61 2783.5
1048576 62 2786.2
1048576 63 2742.1
1048576 64 2686.4
524288 1 2844.3
524288 2 2843.3
524288 3 2838.2
524288 4 2838.1
524288 5 2821.4
524288 6 2810.0
524288 7 2785.6
524288 8 2775.6
524288 9 2779.2
524288 10 2772.3
524288 11 2772.0
524288 12 2750.8
524288 13 2728.8
524288 14 2689.5
524288 15 2646.2
524288 16 2655.7
524288 17 2649.1
524288 18 2645.8
524288 19 2630.7
524288 20 2635.3
524288 21 2627.0
524288 22 2594.1
524288 23 2561.4
524288 24 2532.0
524288 25 2527.9
524288 26 2547.3
524288 27 2527.6
524288 28 2569.5
524288 29 2576.3
524288 30 2539.9
524288 31 2748.0
524288 32 2472.0
524288 33 2766.1
524288 34 2784.8
524288 35 2775.8
524288 36 2781.6
524288 37 2767.4
524288 38 2773.0
524288 39 2676.4
524288 40 2782.8
524288 41 2756.8
524288 42 2767.8
524288 43 2778.9
524288 44 2777.3
524288 45 2742.8
524288 46 2778.4
524288 47 2775.4
524288 48 2776.4
524288 49 2747.7
524288 50 2759.0
524288 51 2763.3
524288 52 2775.8
524288 53 2776.3
524288 54 2739.6
524288 55 2769.2
524288 56 2778.5
524288 57 2779.3
524288 58 2788.7
524288 59 2764.8
524288 60 2765.7
524288 61 2760.6
524288 62 2763.1
524288 63 2692.1
524288 64 2682.4
262144 1 2842.3
262144 2 2840.9
262144 3 2833.8
262144 4 2834.8
262144 5 2816.5
262144 6 2819.2
262144 7 2801.5
262144 8 2775.1
262144 9 2787.5
262144 10 2791.1
262144 11 2788.6
262144 12 2779.1
262144 13 2761.3
262144 14 2760.7
262144 15 2753.8
262144 16 2752.4
262144 17 2759.4
262144 18 2764.3
262144 19 2768.4
262144 20 2773.7
262144 21 2776.2
262144 22 2777.3
262144 23 2784.0
262144 24 2786.1
262144 25 2747.2
262144 26 2771.7
262144 27 2798.5
262144 28 2797.4
262144 29 2749.4
262144 30 2769.7
262144 31 2806.4
262144 32 2768.9
262144 33 2754.1
262144 34 2774.8
262144 35 2777.9
262144 36 2803.8
262144 37 2802.5
262144 38 2806.6
262144 39 2777.8
262144 40 2797.7
262144 41 2735.7
262144 42 2785.5
262144 43 2771.4
262144 44 2796.0
262144 45 2756.4
262144 46 2791.1
262144 47 2791.5
262144 48 2784.1
262144 49 2766.8
262144 50 2791.5
262144 51 2802.3
262144 52 2741.5
262144 53 2800.6
262144 54 2803.3
262144 55 2790.6
262144 56 2800.4
262144 57 2801.7
262144 58 2779.1
262144 59 2801.2
262144 60 2764.1
262144 61 2779.3
262144 62 2800.5
262144 63 2781.2
262144 64 2757.9
131072 1 2843.1
131072 2 2841.1
131072 3 2830.0
131072 4 2825.8
131072 5 2814.5
131072 6 2814.9
131072 7 2801.6
131072 8 2734.5
131072 9 2750.6
131072 10 2777.9
131072 11 2768.5
131072 12 2801.7
131072 13 2782.1
131072 14 2761.4
131072 15 2760.1
131072 16 2753.7
131072 17 2749.6
131072 18 2759.4
131072 19 2744.7
131072 20 2753.8
131072 21 2753.1
131072 22 2743.3
131072 23 2744.7
131072 24 2784.1
131072 25 2716.5
131072 26 2773.0
131072 27 2790.1
131072 28 2792.8
131072 29 2805.7
131072 30 2799.5
131072 31 2754.1
131072 32 2785.2
131072 33 2777.4
131072 34 2799.5
131072 35 2798.3
131072 36 2798.5
131072 37 2795.5
131072 38 2800.4
131072 39 2789.9
131072 40 2796.1
131072 41 2786.2
131072 42 2790.7
131072 43 2794.5
131072 44 2790.8
131072 45 2790.7
131072 46 2778.8
131072 47 2788.5
131072 48 2758.1
131072 49 2796.5
131072 50 2788.8
131072 51 2780.2
131072 52 2753.2
131072 53 2776.3
131072 54 2775.6
131072 55 2792.1
131072 56 2783.2
131072 57 2788.7
131072 58 2749.3
131072 59 2779.9
131072 60 2774.6
131072 61 2777.0
131072 62 2782.1
131072 63 2770.5
131072 64 2644.6
65536 1 2841.4
65536 2 2838.7
65536 3 2819.5
65536 4 2828.4
65536 5 2790.8
65536 6 2814.8
65536 7 2796.6
65536 8 2762.1
65536 9 2710.8
65536 10 2805.3
65536 11 2699.3
65536 12 2749.7
65536 13 2753.8
65536 14 2762.9
65536 15 2772.1
65536 16 2736.1
65536 17 2806.9
65536 18 2792.7
65536 19 2794.2
65536 20 2791.8
65536 21 2797.6
65536 22 2795.5
65536 23 2776.3
65536 24 2791.4
65536 25 2791.5
65536 26 2783.6
65536 27 2772.8
65536 28 2780.2
65536 29 2783.1
65536 30 2777.8
65536 31 2775.4
65536 32 2751.2
65536 33 2778.5
65536 34 2785.9
65536 35 2775.7
65536 36 2761.9
65536 37 2759.8
65536 38 2773.0
65536 39 2775.3
65536 40 2755.5
65536 41 2755.7
65536 42 2741.7
65536 43 2739.7
65536 44 2725.8
65536 45 2747.7
65536 46 2743.7
65536 47 2733.8
65536 48 2760.6
65536 49 2729.1
65536 50 2729.6
65536 51 2718.7
65536 52 2723.5
65536 53 2741.6
65536 54 2718.0
65536 55 2729.9
65536 56 2715.7
65536 57 2724.4
65536 58 2700.3
65536 59 2719.9
65536 60 2699.8
65536 61 2697.7
65536 62 2698.2
65536 63 2717.8
65536 64 2682.4
32768 1 2838.5
32768 2 2834.2
32768 3 2823.4
32768 4 2821.8
32768 5 2812.9
32768 6 2807.6
32768 7 2794.4
32768 8 2788.6
32768 9 2808.4
32768 10 2794.0
32768 11 2788.4
32768 12 2788.8
32768 13 2786.4
32768 14 2783.2
32768 15 2768.2
32768 16 2768.1
32768 17 2775.0
32768 18 2761.9
32768 19 2744.9
32768 20 2772.5
32768 21 2702.8
32768 22 2712.2
32768 23 2734.2
32768 24 2750.5
32768 25 2729.6
32768 26 2728.8
32768 27 2734.7
32768 28 2727.2
32768 29 2718.0
32768 30 2687.7
32768 31 2679.5
32768 32 2688.8
32768 33 2688.2
32768 34 2682.2
32768 35 2695.8
32768 36 2684.1
32768 37 2697.2
32768 38 2725.2
32768 39 2671.0
32768 40 2658.0
32768 41 2680.0
32768 42 2665.1
32768 43 2669.9
32768 44 2623.5
32768 45 2652.1
32768 46 2655.4
32768 47 2644.3
32768 48 2623.5
32768 49 2634.2
32768 50 2678.9
32768 51 2596.8
32768 52 2625.5
32768 53 2605.1
32768 54 2614.6
32768 55 2597.7
32768 56 2616.3
32768 57 2620.4
32768 58 2585.5
32768 59 2598.3
32768 60 2611.8
32768 61 2568.7
32768 62 2536.7
32768 63 2588.7
32768 64 2572.1
16384 1 2837.8
16384 2 2831.5
16384 3 2814.1
16384 4 2807.7
16384 5 2798.3
16384 6 2786.2
16384 7 2789.2
16384 8 2785.2
16384 9 2758.1
16384 10 2726.4
16384 11 2739.4
16384 12 2735.5
16384 13 2691.7
16384 14 2721.4
16384 15 2705.9
16384 16 2734.5
16384 17 2682.2
16384 18 2676.9
16384 19 2656.5
16384 20 2627.0
16384 21 2665.1
16384 22 2649.0
16384 23 2637.5
16384 24 2623.5
16384 25 2620.5
16384 26 2625.5
16384 27 2624.9
16384 28 2584.8
16384 29 2585.5
16384 30 2600.5
16384 31 2559.0
16384 32 2583.9
16384 33 2562.0
16384 34 2544.2
16384 35 2574.5
16384 36 2541.1
16384 37 2546.0
16384 38 2619.8
16384 39 2497.7
16384 40 2513.9
16384 41 2597.5
16384 42 2494.6
16384 43 2510.0
16384 44 2495.6
16384 45 2456.9
16384 46 2510.7
16384 47 2502.4
16384 48 2468.2
16384 49 2482.9
16384 50 2481.1
16384 51 2435.6
16384 52 2423.5
16384 53 2463.5
16384 54 2433.3
16384 55 2456.8
16384 56 2397.4
16384 57 2392.1
16384 58 2405.1
16384 59 2418.7
16384 60 2383.8
16384 61 2890.7
16384 62 2933.9
16384 63 2364.1
16384 64 3061.4
8192 1 2828.0
8192 2 2814.7
8192 3 2796.6
8192 4 2778.3
8192 5 2747.1
8192 6 2730.5
8192 7 2710.0
8192 8 2714.7
8192 9 2669.8
8192 10 2658.0
8192 11 2649.0
8192 12 2632.7
8192 13 2625.5
8192 14 2637.8
8192 15 2578.1
8192 16 2572.1
8192 17 2556.5
8192 18 2580.4
8192 19 2535.7
8192 20 2513.9
8192 21 2494.6
8192 22 2480.4
8192 23 2494.7
8192 24 2501.1
8192 25 2515.8
8192 26 2423.5
8192 27 2506.5
8192 28 2452.3
8192 29 2423.9
8192 30 2422.2
8192 31 2342.3
8192 32 2428.0
8192 33 2933.9
8192 34 2901.6
8192 35 2798.3
8192 36 2904.0
8192 37 3001.8
8192 38 2994.2
8192 39 2924.6
8192 40 2953.2
8192 41 2999.2
8192 42 2938.9
8192 43 3029.5
8192 44 2965.7
8192 45 2988.6
8192 46 2967.2
8192 47 3087.6
8192 48 2877.4
8192 49 2870.8
8192 50 2802.1
8192 51 2983.6
8192 52 3030.4
8192 53 2921.2
8192 54 2966.6
8192 55 2960.5
8192 56 2920.5
8192 57 3210.8
8192 58 2872.7
8192 59 3036.5
8192 60 3053.6
8192 61 3136.7
8192 62 3025.5
8192 63 2918.9
8192 64 3200.6
4096 1 2658.6
4096 2 2771.5
4096 3 2755.5
4096 4 2721.3
4096 5 2658.0
4096 6 2642.0
4096 7 2616.3
4096 8 2572.1
4096 9 2541.1
4096 10 2542.3
4096 11 2480.4
4096 12 2468.2
4096 13 2457.9
4096 14 2452.3
4096 15 2328.3
4096 16 2470.6
4096 17 2336.7
4096 18 2270.4
4096 19 2994.2
4096 20 3074.5
4096 21 3021.7
4096 22 2965.7
4096 23 2967.2
4096 24 3066.1
4096 25 3091.9
4096 26 3084.5
4096 27 3076.5
4096 28 2868.4
4096 29 3102.5
4096 30 2933.9
4096 31 2963.8
4096 32 2996.3
4096 33 3100.5
4096 34 2933.9
4096 35 2860.5
4096 36 3187.7
4096 37 3270.8
4096 38 3181.6
4096 39 2686.5
4096 40 3206.3
4096 41 2943.8
4096 42 2964.4
4096 43 2986.2
4096 44 2923.4
4096 45 2860.5
4096 46 2797.6
4096 47 3418.5
4096 48 3463.6
4096 49 3261.3
4096 50 2874.7
4096 51 2588.7
4096 52 3300.6
4096 53 3258.3
4096 54 3056.1
4096 55 3256.6
4096 56 2974.6
4096 57 3124.6
4096 58 3208.9
4096 59 2919.7
4096 60 2992.5
4096 61 3071.4
4096 62 3025.5
4096 63 2860.5
4096 64 3200.6
2048 1 2792.1
2048 2 2721.3
2048 3 2651.4
2048 4 2572.1
2048 5 2542.3
2048 6 2534.9
2048 7 2452.3
2048 8 2366.8
2048 9 2870.6
2048 10 3117.2
2048 11 2842.2
2048 12 2877.4
2048 13 3084.5
2048 14 2974.6
2048 15 2992.5
2048 16 2996.3
2048 17 2933.9
2048 18 2762.7
2048 19 3181.6
2048 20 3206.3
2048 21 2884.3
2048 22 3100.5
2048 23 2967.2
2048 24 3016.7
2048 25 3300.6
2048 26 3178.3
2048 27 3173.6
2048 28 2590.8
2048 29 3080.5
2048 30 2877.4
2048 31 2904.5
2048 32 3353.0
2048 33 2965.7
2048 34 3000.5
2048 35 2900.5
2048 36 2678.7
2048 37 3025.5
2048 38 3644.4
2048 39 2724.3
2048 40 2671.9
2048 41 3171.1
2048 42 3106.4
2048 43 3447.3
2048 44 3163.1
2048 45 2912.3
2048 46 3025.5
2048 47 3153.9
2048 48 2888.0
2048 49 2819.2
2048 50 2750.5
2048 51 2933.9
2048 52 2383.8
2048 53 2787.2
2048 54 2544.2
2048 55 2713.8
2048 56 2475.4
2048 57 2750.5
2048 58 2567.1
2048 59 2337.9
2048 60 2493.8
2048 61 2269.2
2048 62 2420.4
2048 63 2347.1
2048 64 2933.9
